-0.493885521  
-0.3239696277  
0.087620295  
0.8578314907  
0.4491418155  
0.9234640791  
0.4534685165  
0.2182160072  
-0.3935494431  
0.7104712523  
0.6282752526  
0.07700935437  
0.4711976652  
0.3391341494  
0.06906018475  
0.3196591994  
0.1776584469  
0.2911995162  
0.5229407617  
0.3125351926  
0.2772146914  
0.1712012775  
-0.2488531459  
1.368114447  
0.661995678  
0.162563302  
-0.8161738923  
0.2600099772  
0.009927851197  
-1.201858765  
0.326779966  
2.006833737  
0.9807525869  
0.2938703452  
0.04181776362  
-0.2877973828  
-0.6234649059  
-0.9513102425  
-0.3533482348  
0.489016416  
1.697507071  
1.149797121  
0.09652274702  
0.3673779196  
-0.183906948  
-0.633628599  
-0.2548926821  
0.1346306107  
-0.6533947336  
-0.4895280921  
-0.3274185219  
0.7975424399  
0.6181826309  
0.6506833909  
0.959683162  
0.8763158847  
0.02446810862  
-0.1812356848  
1.43537359  
0.7177572713  
-1.552636866  
-0.8520917263  
0.668012888  
0.6600715824  
0.2241788385  
1.619281875  
1.439992544  
0.2772915591  
1.146678139  
0.3997302693  
-0.08018197727  
-0.1151323564  
