-0.1963790555  
0.03375504025  
-0.3620728972  
-0.04831629352  
0.4919134605  
-0.1868811367  
0.2689300636  
0.1727855373  
-0.6628230962  
0.3102540487  
0.3224138205  
0.7685651601  
0.07443336589  
0.01613534662  
-0.0293786313  
0.4571077731  
0.1423040841  
-0.387662559  
-0.7052806636  
-0.6227260662  
-0.5839147171  
-0.176788952  
0.1939204071  
0.07594697864  
0.4173812704  
-0.1181087559  
-0.245521118  
0.135837707  
0.08881374934  
-0.05973746382  
0.1252551674  
-0.2138906951  
0.5706821403  
-0.6497211089  
-0.3864335365  
-0.3768974727  
-0.5928326951  
-0.2864899208  
0.1193318055  
0.2147019446  
0.2448979236  
0.08703897952  
-0.2396715779  
0.3057114926  
0.2934202132  
0.539124414  
-0.2703474985  
-1.013070439  
-0.4245993758  
-0.6443752875  
-0.1941949782  
0.0403821837  
0.5011544163  
0.08124824633  
-0.1472308471  
-0.1805777893  
-0.04150499207  
0.09539200449  
0.4149855583  
-0.8733693942  
-1.272925106  
-0.3300005919  
0.1684371516  
0.4797730405  
0.1848743875  
0.05542682876  
-0.4630168118  
-0.6804436318  
-0.5106003761  
-0.3283155807  
0.1217210528  
0.3118830114  
