-0.1215783349  
-0.3063230765  
-0.01175194665  
-0.2958992831  
-0.2712877169  
-0.3115929989  
0.2727400696  
0.2502131115  
0.2746045664  
-0.3551233576  
-0.6091141546  
-0.3214382798  
-0.4127167087  
-0.1168504398  
-0.2880491018  
-0.1311451575  
-0.2575910222  
-0.8362028391  
-0.5140784136  
-0.3552841646  
-0.7123575626  
0.3479169932  
1.099337783  
0.3328043398  
-1.251832181  
-0.5956703685  
-0.06442749345  
-0.1054190786  
0.3026498691  
0.6478121309  
0.645579618  
-0.4549741977  
-0.5029940856  
-0.598924345  
-0.1967120517  
0.1752598909  
0.2987884996  
-0.3219654883  
-0.9505557911  
-0.3835033096  
0.1715676063  
0.1038777032  
0.595628449  
0.2863865151  
-1.100341882  
-1.320944578  
-0.3540934583  
0.1970552647  
-0.2617340898  
0.01480894586  
-0.2241669861  
-0.5105918539  
-0.5810678558  
0.2751313675  
0.2740494574  
0.1466247134  
-0.5316873814  
-0.7310836178  
-0.3325802032  
0.2087637424  
-0.5967050643  
-0.9531030369  
-0.09863567509  
-0.1429828703  
0.6436179868  
0.197083185  
-0.3903089046  
-0.4535322071  
-0.7352162627  
-0.6268795131  
-0.3218970008  
-0.578741591  
