-0.03830174553  
-0.5600567614  
-0.296723931  
-0.1125183146  
0.727136939  
1.168840585  
0.3707210759  
0.7358260657  
0.7395595769  
0.008141406469  
-0.2125353407  
0.5666775116  
0.4392483752  
-0.01044300024  
0.07167257957  
-0.5266917493  
-0.1509012603  
-0.6720580178  
-0.8165227081  
0.4606003914  
0.498200028  
-0.03321713096  
0.7014085499  
0.8627489288  
0.3431002713  
0.2529006181  
0.2131852922  
0.2890568499  
0.3983369793  
0.2434576856  
0.2802470175  
0.1450278022  
-0.07591408744  
-0.4129617164  
-0.2066717812  
0.6041992099  
0.400384584  
0.1105052465  
0.0723698496  
0.01387025573  
0.5933337068  
1.148114951  
0.4187552195  
-1.190160587  
-1.052615508  
0.364593098  
0.891864699  
0.9349575305  
-0.06460740358  
-0.5088611167  
-0.6441946007  
0.6217936801  
0.876886149  
0.5268305038  
0.07658628139  
-0.2011339755  
0.6411461179  
0.4408062587  
0.02275855094  
-0.4562948452  
-0.9202912026  
-0.4429575409  
-0.1689903846  
-0.3060558913  
0.398011125  
0.7770835804  
1.222391656  
0.5347882319  
0.6407685056  
-0.2227425451  
-0.9771787328  
0.4197769956  
