-0.4953020035  
-0.1196883682  
-0.1566310233  
0.1443619069  
0.6323820652  
0.3206969354  
-0.2898192851  
0.6665326547  
0.4981181104  
0.184773691  
0.6665057645  
0.607974277  
-0.6085344229  
0.252812067  
-0.2565064904  
-0.6707221409  
-0.9744203789  
-0.7084493311  
0.3026278884  
1.003053651  
0.1048735643  
1.345655334  
1.473358255  
-0.004074771637  
0.4456490168  
0.3334504262  
0.1025394149  
0.6074134237  
1.067695124  
0.07019671327  
-0.8239488249  
-0.5728764679  
-0.6414906065  
-0.3312970628  
0.151205688  
0.1258193543  
-0.09050246196  
0.02600020327  
0.7672176408  
0.8581863642  
0.4171912317  
0.6581011489  
0.4903958798  
1.339937808  
0.6416401675  
0.2216463154  
-1.512448393  
-0.7834252351  
-1.157633728  
0.3461787058  
1.098648465  
-0.9638374907  
-0.3670112718  
0.1633215239  
-0.5956891203  
-0.7208158346  
-0.3165369724  
-0.1848070715  
-0.1613950618  
0.3140749869  
0.7284882057  
-0.6219856761  
0.1311747722  
1.291216997  
0.5846515643  
0.7755715049  
0.3517047205  
-0.4855984268  
-1.505339124  
-0.4290952671  
1.091456657  
0.3043081441  
