0.1576196526  
0.4290009434  
-0.4421859186  
-0.1799549635  
0.156544688  
0.1983596992  
0.3196802006  
0.06084927885  
0.07441769266  
0.5794634035  
0.1182552468  
0.3275421525  
0.1879988258  
-0.2348875113  
-0.267451519  
-0.3217635687  
-1.101929928  
-0.1716033377  
1.224521189  
0.7882660852  
-0.290311224  
-0.4343047366  
1.286932326  
0.3552870978  
0.2464067912  
0.1005351941  
0.4882750181  
0.0210672191  
0.4047042249  
-0.4655830233  
-0.09876320629  
0.316460978  
-0.7239440546  
-0.2399088454  
-0.2460355129  
0.1366073514  
0.2640346489  
-0.2239610968  
0.2553854012  
-0.1265641783  
-0.4214988233  
-0.8277538278  
-0.6775103866  
-0.5825895912  
-0.06102586792  
0.4333145787  
1.092121067  
1.541252333  
0.1222357079  
0.1214352697  
0.243409046  
0.5094397021  
0.224809119  
0.005318276192  
0.01799072061  
-0.1000879368  
-0.6618298586  
-0.1496153829  
0.176766932  
-0.5530502061  
-0.5533437572  
-0.9061222116  
-0.4538270364  
-0.7348933613  
0.6588609931  
0.4405717387  
0.153476112  
0.5761376463  
0.2730509192  
-0.2788746014  
-0.4404795103  
-0.3326706612  
