-0.03999455115  
0.1356564159  
0.03960671942  
0.5298393506  
0.2058723268  
0.2860773234  
0.3374859582  
-0.2057786469  
-0.3592024335  
-0.02401336572  
0.212252965  
0.5068831733  
-0.2184016424  
-0.8571725545  
-0.5283914986  
-0.07496060171  
0.08798568787  
-0.1854444328  
0.1379904988  
0.01423419055  
-0.3947582817  
-0.794503614  
0.4427995765  
0.8713283461  
-0.448037351  
-0.2636501976  
0.01980140413  
-0.03657815542  
0.005910747243  
-0.2349481495  
1.590206019  
1.256908298  
-0.5594575768  
-0.8199134267  
-0.4816031163  
0.7155957335  
0.3280674295  
-0.4329836701  
-0.8506469609  
-0.09564682596  
0.1434500349  
0.05071649485  
-0.03687277071  
0.4408336132  
0.4484255492  
0.3541202301  
-0.02733289924  
0.3218288918  
-0.549165404  
-0.7113870613  
-0.475312991  
0.09805915446  
0.4984303249  
0.1469729292  
0.09315796888  
-0.1259925262  
-0.8768094181  
-0.2532816691  
0.5195689797  
-1.168196696  
-0.8848882837  
0.4592828737  
0.7607914551  
0.04897929934  
0.5105480038  
-0.05604236122  
0.04184890931  
0.2365630037  
0.1700394521  
0.02901166854  
-0.09833482839  
-0.1741506852  
