0.09526176113  
-0.1603403457  
-0.1037323086  
0.2790746938  
0.1830568349  
0.3131234919  
0.4318193144  
0.6996779059  
-0.4433708854  
-1.259322107  
-0.6995271807  
0.3513293018  
0.6249241584  
0.5408743713  
0.113368253  
0.05214958952  
-0.1430301389  
-0.4362097209  
-0.4453543974  
-0.9687308492  
-0.4285913761  
-0.2495294522  
0.3910967768  
0.9522902416  
-0.5590946447  
-0.6712683328  
-0.5097728382  
0.03863848265  
0.6518441734  
1.055327853  
0.3473599552  
0.03474739986  
-0.2848736756  
-0.3667580323  
-0.3320300727  
-0.6435712751  
-0.2528568845  
0.175346113  
0.2928108208  
-0.3261188023  
1.003316572  
0.1822955203  
-0.1063369643  
-0.03011765184  
-0.9699399448  
-0.2618921173  
0.7238875402  
0.2717327361  
0.09171884846  
-0.8487552947  
-1.098175367  
-0.4705151266  
0.03496427997  
0.2673196439  
0.01078820268  
0.1243194647  
0.6950772544  
0.4334032065  
-0.2244304999  
-0.1504555919  
-0.6003726754  
-0.3092227655  
-0.3944104388  
-0.2178760907  
0.4752478271  
1.182063815  
1.507747951  
0.5330146858  
-0.4111537774  
-1.076698873  
-0.9331395748  
-0.2512252632  
